2299
7281
7393
8332
5250
5567
6124
8885
4691
1925
7863
8262
101
4965
8657
9821
3371
3769
1848
2502
1777
900
4456
1920
4221
4328
3347
7351
9500
9290
5493
5429
9132
3645
6141
7174
3426
5029
6553
7794
300
7811
6554
462
9269
514
4435
3875
4276
3611
9248
7873
1030
3096
8913
6509
2827
7774
2698
125
510
7955
731
4100
7165
68
33
2081
4508
4675
5844
4947
1826
3904
1709
7159
5475
6445
2006
476
8194
5788
3439
6834
6414
7992
9637
4140
3655
8148
4193
825
83
6438
9668
4174
5319
5442
2950
8244
3506
3819
1628
808
940
6610
5076
2672
4123
4648
5235
7316
1910
6237
9483
4345
7894
4982
4194
8590
1563
9739
3869
1670
6533
5950
5923
3753
4366
4596
6784
6648
4060
2250
2790
3864
7746
3671
9424
2997
3766
6866
777
2961
2696
7910
4731
7536
7432
3450
1323
4669
210
8717
5702
682
6439
7359
2792
232
3638
4349
7976
4190
5731
1915
5146
5761
238
4979
5699
5469
965
442
1661
6982
6201
7969
4439
6484
7911
6706
2966
8154
6208
2578
225
891
4608
7846
5156
2302
3437
8493
188
9620
6456
5977
4422
8817
5509
2380
2441
4691
4142
2058
8337
9186
7269
9802
9885
7563
8190
8149
3780
3104
2212
7778
1327
2423
4802
127
7747
3799
7381
3447
5610
5975
2625
4722
9400
8265
3430
5431
3358
9717
4636
7861
1946
199
8473
1910
3869
3769
1042
1025
9337
6250
8341
6679
9387
3778
9160
2596
6757
9310
4114
7316
5143
4131
6410
90
6440
8417
8665
3200
484
4589
9234
1250
2122
4885
2206
9100
7251
2722
1683
8182
2699
9264
6693
2710
5127
4711
4630
3765
1966
8230
3138
2242
9449
9895
2473
9542
9492
8022
7043
5661
3905
3002
1349
4410
8517
8489
6961
3095
9733
9394
6295
8939
6185
5145
92
4313
5893
4339
9605
6768
3288
7838
8405
6205
8138
3186
6875
4176
7482
2664
9385
3834
3041
5081
5115
3593
2758
2477
5817
4443
8953
5362
9800
2286
2925
3141
9542
6094
2966
2330
618
2732
3689
5340
1359
8292
5075
8146
777
9454
2473
1638
2831
1004
9116
1485
5898
5371
323
3518
465
6152
2684
7746
7788
2693
7690
6601
3705
6233
7596
7262
530
9124
2592
7236
3206
8721
2523
1662
1141
8064
570
5211
5600
5705
8573
2345
6316
1297
6806
9434
9972
6433
603
4463
5843
8082
3545
2312
6715
747
8167
2173
401
5599
7644
1758
4346
6666
721
1798
2835
8585
8794
2086
9589
64
7275
5926
8785
2855
1831
9034
3261
9928
3403
9511
2693
7625
2140
3494
5410
846
1764
2723
8447
830
4951
4480
2012
7596
4397
93
3812
2351
5802
9707
2702
4141
3095
7070
1145
2797
2918
2338
8988
2096
3124
7819
5608
766
1788
3198
6269
2499
530
7895
7493
6478
2992
173
9558
5832
448
8602
7596
2471
3280
3593
7118
4212
1256
6731
7640
6832
8877
2600
8948
5384
7722
2830
1637
2545
6697
1456
7877
1478
1067
6065
7611
3915
4025
1262
1076
2480
1429
37
7966
6836
3121
9720
4829
3877
6154
1056
380
2215
8587
8266
9556
3283
800
141
4003
1044
9870
2284
9060
8120
8604
177
2750
1784
7670
9051
7844
1619
2900
4024
8584
7340
6155
2424
693
8803
2854
6015
1175
2952
2169
718
5733
5597
1093
4664
7278
8354
7895
9832
4331
4413
5768
9335
4672
3808
1787
4028
8932
5961
2719
3770
4743
7888
281
2716
361
4472
2580
4950
4550
4081
6526
7303
1693
8121
7869
8290
2796
1601
1711
2667
2004
690
4016
6477
7177
4666
22
7573
176
7280
274
9868
6317
8807
2983
1762
7314
1361
8788
5070
9766
4531
1725
536
8322
2873
3319
2702
4925
914
2149
3684
6800
7978
1556
7307
8784
2175
5325
3658
2575
9148
4517
7539
9285
4854
8268
4946
3304
8145
7213
7092
143
874
4152
7703
5338
3309
2377
7805
6204
4230
5932
5256
1826
7165
4981
5431
6301
521
3644
5009
9459
3964
4992
6966
3071
8
3630
4146
9404
2655
2137
3183
1934
8840
6529
7809
69
7521
4457
657
8624
7478
9221
8124
2067
9673
8661
6107
6555
1997
3084
8629
5069
9642
1979
5824
8870
7740
3515
2818
7051
1012
4055
3008
5330
3293
9077
8847
8033
3639
4474
101
8731
9845
5456
3179
7665
2647
9147
1019
1677
4795
4434
5719
3672
493
1420
4592
5939
7074
1965
3703
9169
9493
9121
6388
8826
5529
7589
9785
4721
8293
4228
333
2356
516
5927
7497
9809
2577
424
708
6460
6728
9900
6911
9572
1941
9426
1604
4376
8000
7552
2353
2312
6972
8895
8799
8247
8202
6727
3507
9169
1936
7005
6332
9060
730
4753
636
8416
8892
4615
7670
8869
9765
500
8181
2365
5501
2872
2577
4827
3180
7215
8182
9546
4442
7831
3197
8697
7494
6232
6565
5577
6418
1952
1010
9522
9047
525
3779
3375
5368
2020
9699
7296
3613
3342
2336
6461
557
6653
6074
647
4325
4549
1792
3091
1063
2030
6811
7814
8070
1674
9634
3774
3276
4042
4694
3540
3255
6124
4874
4565
6393
475
3335
5135
7383
380
5823
6680
4163
8768
7418
1041
3362
7183
3923
8482
7142
8218
2728
6390
499
4667
1091
5583
7908
876
5028
2344
2522
6070
8791
8220
5149
9396
996
475
5732
9187
7376
8778
6735
2996
8664
508
1671
6287
4244
4794
396
3735
7895
760
9985
7097
5767
3058
3988
7413
6270
5315
3351
8976
2656
8351
1268
6370
3659
6967
9856
8093
3979
6601
4699
6637
3262
5466
7825
365
3096
1189
9267
2037
1736
7450
1393
127
3347
7671
8056
6897
7628
8173
6862
175
9311
2415
5484
3847
8133
7164
6562
7379
9873
1257
4563
6775
451
12
9267
5831
3275
4957
7814
6483
9228
7225
4382
2288
2791
3025
269
9814
1609
1314
734
6581
2447
3300
5209
7494
7457
2534
980
310
8495
7712
3807
3321
3574
5259
4633
7439
7125
